1184098754
1184102685
1184104776
1184105302
1184105815
1184108794
1184114432
1184116830
1184118672
1184121064
1184121256
1184123580
1184133537
1184134892
1184135562
1184135601
1184141173
1184143971
1184145753
1184154087
1184156625
1184160278
1184161356
1184162984
1184163167
1184166925
1184168743
1184176546
1184176565
1184180064
1184181338
1184181962
1184183291
1184187253
1184188614
1184191548
1184192256
1184201644
1184204758
1184206483
1184209106
1184212431
1184213262
1184213513
1184215928
1184217014
1184221165
1184222435
1184223598
1184225549
1184230344
1184233119
1184239682
1184243212
1184243515
1184254001
1184254475
1184256176
1184259122
1184260999
1184272885
1184273322
1184275327
1184281447
1184281478
1184285197
1184287488
1184291689
1184297485
1184299518
1184299993
1184301674
1184303042
1184303605
1184306674
1184307666
1184310455
1184315263
1184315384
1184318408
1184320316
1184321844
1184323656
1184327371
1184330848
1184333878
1184339506
1184340715
1184341355
1184344537
1184356881
1184357565
1184358035
1184359070
1184361388
1184363569
1184365749
1184368468
1184369619
1184370075
1184371310
1184374714
1184375433
1184378063
1184378942
1184381401
1184392965
1184393122
1184393155
1184396688
1184399425
1184402238
1184406193
1184411322
1184411930
1184414369
1184415361
1184415370
1184415763
1184417144
1184417502
1184417508
1184417735
1184418021
1184418835
1184420042
1184420711
1184422711
1184424685
1184425513
1184429037
1184434692
1184435375
1184435506
1184439533
1184440044
1184443713
1184451040
1184456102
1184467970
1184471200
1184473719
1184474805
1184475146
1184479015
1184481159
1184485216
1184485452
1184488281
1184496694
1184503215
1184503392
1184512201
1184513490
1184519895
1184522435
1184523266
1184536216
1184536666
1184544147
1184547366
1184550772
1184553495
1184553786
1184555580
1184563820
1184565263
1184575097
1184578647
1184581320
1184581785
1184584344
1184594388
1184597395
1184600507
1184602190
1184602237
1184603708
1184607622
1184608282
1184612228
1184612979
1184614877
1184614887
1184617680
1184619021
1184621918
1184623372
1184626344
1184626749
1184626841
1184627241
1184629134
1184631664
1184632086
1184633417
1184635864
1184637270
1184641030
1184641433
1184642516
1184644739
1184645943
1184646094
1184647117
1184647326
1184648645
1184648969
1184649771
1184656176
1184656803
1184664152
1184676104
1184676301
1184677601
1184681041
1184682642
1184682689
1184683593
1184689900
1184691098
1184692602
1184694950
1184700273
1184701494
1184702558
1184706359
1184706633
1184708625
1184709675
1184710443
1184713982
1184714930
1184715122
1184715361
1184717003
1184725006
1184728464
1184729194
1184735955
1184736371
1184739011
1184742993
1184747403
1184747774
1184750170
1184753415
1184753684
1184755614
1184758113
